[1448230,
304930,
440,
753,
252490,
218620,
232090,
570,
322330,
730,
290340,
866510,
614910,
603750,
282800,
253230,
562430,
270880,
450860,
530700,
583950,
582810,
489940,
706990,
1723560,
296300,
618140,
238460,
650580,
1142220,
550650,
225600,
575950,
709840,
531960,
598780,
529840,
429780,
829080,
615050,
397900,
722960,
302670,
588120,
544840,
602770,
665360,
451600,
1782210,
832680,
447820,
672490,
346930,
665550,
707590,
274940,
684130,
663920,
278970,
506730,
401190,
667530,
374670,
417860,
530630,
744760,
227300,
1092140,
800280,
519870,
391240,
364640,
486780,
546170,
1086410,
571740,
431240,
369990,
914260,
1520380,
581740,
679990,
433530,
269210,
374280,
457960,
560080,
348670,
363360,
513510,
518150,
728540,
724430,
844870,
701760,
794600,
634340,
1635450,
546930,
949000,
420900,
534210,
516940,
299740,
749830,
323850,
4920,
696400,
471550,
885570,
643270,
578080,
757130,
1986390,
238960,
1521580,
321360,
508710,
774861,
338170,
764030,
656610,
1280770,
517710,
328070,
574180,
663690,
270450,
843660,
1070330,
366440,
464350,
705710,
496960,
684580,
530300,
485610,
528970,
690530,
244850,
207140,
454580,
381250,
250820,
264710,
418030,
321400,
440730,
437220,
757160,
859700,
676340,
654700,
391460,
562260,
431960,
230410,
709870,
308080,
424370,
657730,
552990,
625340,
263920,
914160,
714910,
722670,
840140,
1575870]